1000
5014
4999
5911
2863
5817
1741
2628
1295
1891
5540
5644
5184
2224
3932
3877
4411
3554
3635
2112
3231
3463
5780
3407
4305
3415
2061
5691
3588
3168
5336
4055
1631
4246
5424
3479
5976
2280
3355
1534
3429
5006
4375
1670
5288
1362
4445
3533
3457
3670
5094
1322
5449
3349
3077
3370
4839
1277
2455
5246
2559
3665
3827
5990
3285
4447
3075
5501
3172
1925
1064
1718
4079
1046
5443
2510
4855
2346
3134
4058
1887
3875
5191
4720
3069
3494
5363
2944
3129
4202
1087
2547
4027
2569
3995
3198
3961
3535
5672
2017
2785
5261
3453
5456
1752
5903
5150
1332
2781
5770
5961
5400
2928
1896
2176
4631
5708
4814
5543
5435
3922
2362
1020
3073
2561
1457
2913
1409
3973
2584
3544
1862
3883
4832
3739
2364
2855
2078
4549
2413
4494
1505
2333
5240
1751
2812
5316
3303
5945
4470
2302
1008
4242
4440
2879
4077
1813
5017
4403
5735
5750
1643
3525
1080
1093
1416
5754
1053
2666
2558
1604
2121
3901
5823
2729
5031
2020
1462
2448
5056
5485
2949
5694
1058
4795
2712
3177
1706
2245
2051
3295
4827
5194
4578
2263
2574
5059
1808
4786
2451
3714
4722
5525
3887
2639
5837
4982
5101
1274
3030
2317
5326
4940
4921
1029
3434
5136
4277
5678
4934
3319
3893
3496
4666
5676
4087
5245
4453
3534
4125
2291
2549
4877
2087
5158
2194
5286
2804
4846
3278
4283
3702
3888
4100
3892
4852
1619
3322
5127
1782
4018
1562
4330
2044
4446
1027
5816
2102
4618
4267
1222
1667
1353
1750
4309
4090
2839
4651
2277
3700
3756
2912
2065
1602
3044
2236
5144
4581
4273
3389
1476
1665
4848
4133
5407
4482
4600
2358
3151
1647
5684
5562
3894
4756
2610
5185
3363
2721
1325
3079
5086
4455
1567
3734
3687
3025
3175
4695
2898
4469
5933
5292
1872
2410
3565
1762
2445
3938
1915
5568
2419
1825
5250
3711
3609
2692
2261
2810
1678
1509
1996
4518
1929
2457
3548
1879
1772
3066
2857
4806
4599
3024
4657
4764
4667
3413
2878
1990
2181
2678
2707
3787
3064
1651
3100
1588
1051
5725
3750
2287
3636
4428
4780
1165
4196
2868
5649
4736
2616
1321
4147
1549
5667
1190
1360
1163
4360
5590
4458
5637
4659
2290
3593
5622
2859
4033
3017
3369
5918
2638
3829
4755
1707
3313
5974
5895
1740
2808
1280
1679
4863
3312
5046
5130
5958
5324
5453
5412
2615
2360
1247
3536
3181
1279
4880
1494
3233
4171
2703
4199
5812
5986
3773
4785
5759
4697
3916
2560
1133
4835
2035
1943
2335
1025
2683
5256
4759
5408
1039
1994
1330
4983
2464
2793
2423
5625
3596
1245
4374
5811
5209
2535
1759
5477
5782
5269
4334
3562
1733
5139
2162
4992
4010
1748
5786
5188
1655
3446
3983
3465
1334
2660
5319
1031
4946
1972
4019
2961
3840
1219
4625
4576
2193
1916
3082
1210
1816
5206
2597
3251
3059
2298
1182
1327
4197
1463
3952
5763
3391
1976
1225
5385
1288
2082
3790
3081
3864
5417
3004
2633
3626
2174
4231
3392
2686
3695
3625
2770
3138
3034
2515
3493
2208
4204
5652
2068
1198
4439
4822
5948
3785
4741
5020
1570
2765
1944
2340
5255
2909
3523
4937
3376
5573
4251
1161
5404
4385
1652
1430
3199
3594
3417
1041
4345
4617
5353
4724
1118
2550
3614
3582
2877
5749
2612
5592
1017
2469
2782
1144
3088
3911
1699
5298
5328
2171
4357
2080
2043
3210
3693
5222
4473
3258
5282
1669
4711
5386
3925
4859
4124
1028
5234
2556
3243
1347
2293
5979
2832
1830
2981
2019
3685
3686
3487
4219
3344
1307
1112
4520
3414
2582
3359
2706
4105
4664
1386
3425
5508
4181
3984
5603
3283
5736
4232
3207
2783
2594
5303
5097
3845
5129
2908
5783
5270
1038
5465
3706
4696
2570
5102
3105
2609
3524
4560
3857
2818
3660
2976
4568
4025
3124
3781
5315
2974
2926
1297
5175
3979
4585
3931
2513
5403
2828
5925
2195
4593
1967
3941
3470
1998
2763
2951
1301
5999
5321
1876
5338
3509
1821
3400
1155
5685
3526
5104
2096
4965
5985
2757
4039
3727
3327
4201
2057
5899
2829
5982
2581
5241
3683
2467
1867
4021
5259
4314
1103
5213
1493
3486
1779
5397
1014
4660
3338
1387
4800
2427
3221
5049
3320
3583
4227
5575
1725
1801
5149
3895
4167
4761
4895
1917
4256
5391
5719
4630
5454
1888
3585
1932
3337
4011
2173
5963
4261
5366
1002
5779
2130
2886
3605
3290
5970
5810
5534
2607
4766
2772
1464
4112
2495
3475
5210
5013
5103
5076
5047
5096
3099
5393
5883
4286
2108
1201
3026
1364
2720
1068
2027
5442
5991
4541
5928
2838
3204
5235
3521
5795
2285
4342
4608
2791
4833
3501
4861
2962
2459
4962
4145
1303
3442
5095
4548
3178
2605
1121
3284
2258
3661
1563
4464
4120
4808
2081
3277
4869
5219
4217
2511
1390
2466
2409
5809
2643
4941
5221
5660
1379
3767
3241
2736
5680
1309
3340
3092
4299
3771
4768
3989
2253
2225
4024
1061
2565
3691
3830
1244
4850
3712
2336
4454
5135
4337
1963
1305
5420
3214
1441
1265
4744
1688
1220
5168
5274
3306
5752
5853
3107
2989
3395
4847
2148
3738
5775
4195
1123
5157
2241
4114
4917
2304
3113
5331
1100
4424
2953
1657
5212
4433
5952
2715
1931
5024
3008
2267
1229
5894
1074
4059
3409
4468
1458
5100
5730
4598
3884
5798
1435
2251
2836
2843
3808
4838
2500
2975
4942
2718
4897
4475
5476
3769
5236
1191
3543
4062
3994
4824
2891
2387
2228
5313
4875
1909
3033
1912
2709
1152
5744
3936
2657
3054
5727
3023
5413
2074
3249
4324
1005
4159
4958
3591
5381
2738
2227
1354
2870
3538
2963
3546
4623
5566
5199
4177
2163
3923
3374
4038
5915
3800
5885
4420
2737
4845
5346
2155
5842
5311
2986
1211
5497
4898
5912
3733
1581
3627
5506
1921
4402
4627
2382
2307
1726
2185
3280
2519
2131
5026
2573
3193
4612
3913
1199
5524
