75
124
35 43
35 51
35 21
35 54
35 17
35 74
42 63
42 10
42 0
42 56
42 71
1 43
1 23
1 41
1 12
1 73
49 55
60 23
60 39
60 29
60 16
50 47
50 2
50 55
50 16
50 14
9 24
6 53
6 12
6 21
6 4
6 65
6 70
6 59
18 23
33 57
33 10
33 58
48 57
48 12
48 44
48 34
48 64
48 62
48 66
48 73
15 53
15 54
15 29
15 24
38 29
38 24
43 41
43 34
43 0
43 70
43 71
7 17
23 27
23 13
57 54
57 40
36 12
36 34
36 59
53 12
53 21
53 54
53 0
53 70
41 59
19 12
68 11
68 69
68 65
12 5
12 65
12 16
11 8
63 58
21 64
21 3
21 71
44 70
10 61
54 37
54 55
54 66
54 13
52 34
47 20
27 24
30 29
4 25
69 25
37 16
37 13
17 65
17 66
17 59
2 62
2 46
2 13
0 62
0 59
56 62
26 40
26 61
26 13
65 61
62 31
62 16
62 72
70 59
3 72
46 22
61 73
31 67
31 14
24 72
67 66
22 73
16 59
16 73